1.0
0.6315080174776305
0.5612273758069135
0.5167341498117027
0.48388951400274743
0.45780873555162555
0.43618101239750456
0.41771917488104704
0.4016288146119664
0.38738357437441234
0.3746159857213728
0.3630589840014618
0.35251218016033486
0.3428212566543609
0.3338647832095433
0.32554545189340084
0.3177840604040709
0.3105152676331871
0.3036845281896558
0.29724583255387316
0.2911600108299077
0.2853934390238501
0.2799170381472566
0.2747054898767104
0.269736614755763
0.2649908740444375
0.2604509667825321
0.25610150099270634
0.2519287232064444
0.24792029430377935
0.2440651024512044
0.2403531059959746
0.23677520073137742
0.23332310712751872
0.2299892740252494
0.22676679598814398
0.22364934205027873
0.22063109402343928
0.21770669286394595
0.21487119186707562
0.21212001567151223
0.20944892422904596
0.20685398103476169
0.20433152502704435
0.2018781456601709
0.19949066072916694
0.19716609659020162
0.1949016704726221
0.1926947746227904
0.19054296205679513
0.1884439337301391
0.1863955269586938
0.18439570494739158
0.18244254730197412
0.1805342414151906
0.17866907463257944
0.17684542711476472
0.17506176532334042
0.17331663606617093
0.17160866104550807
0.1699365318588935
0.16829900540852596
0.16669489967975124
0.16512308985368132
0.16358250472275807
0.1620721233814172
0.1605909721669481
0.1591381218282344
0.15771268490234616
0.1563138132809772
0.15494069595051377
0.15359255689111198
0.15226865312157709
0.1509682728780985
0.1496907339160202
0.1484353819248309
0.147201589047461
0.14598875249577736
0.1447962932548955
0.14362365486957732
0.1424703023065708
0.14133572088727814
0.14021941528561405
0.13912090858634962
0.13803974139962835
0.13697547102769309
0.135927670680186
0.13489592873467524
0.13387984803932607
0.1328790452548784
0.1318931502333103
0.13092180543077034
0.12996466535254378
0.12902139602798593
0.1280916745135094
0.1271751884218534
0.12627163547599113
0.12538072308615028
0.12450216794853086
0.1236356956644035
0.12278104037836453
0.12193794443460833
0.12110615805015457
0.12028543900404308
0.11947555234157105
0.11867627009271356
0.11788737100392181
0.11710864028254668
0.11633986935318617
0.11558085562529699
0.11483140227145536
0.11409131801568911
0.11336041693134002
0.11263851824794915
0.11192544616668784
0.11122102968388763
0.11052510242224892
0.1098375024693316
0.10915807222295804
0.10848665824317633
0.10782311111045592
0.10716728528980479
0.10651903900051457
0.1058782340912599
0.1052447359202891
0.10461841324046299
0.10399913808890779
0.10338678568106391
0.10278123430892387
0.10218236524326192
0.10159006263967148
0.10100421344823442
0.10042470732665551
0.09985143655670602
0.09928429596382576
0.0987231828397438
0.09816799686798253
0.09761864005211879
0.0970750166466805
0.09653703309056544
0.09600459794287172
0.09547762182103779
0.09495601734119336
0.09443969906062703
0.09392858342228289
0.09342258870120053
0.0929216349528181
0.09242564396306235
0.09193453920015153
0.0914482457680426
0.09096669036145578
0.0904898012224133
0.0900175080982322
0.08954974220091327
0.08908643616787194
0.08862752402395765
0.0881729411447125
0.08772262422082101
0.08727651122370532
0.08683454137222214
0.08639665510041984
0.08596279402631556
0.08553290092165441
0.08510691968261387
0.08468479530141879
0.08426647383883329
0.0838519023974976
0.08344102909607913
0.08303380304420829
0.08263017431817078
0.08223009393732987
0.08183351384125186
0.08144038686751089
0.08105066673014813
0.0806643079987639
0.08028126607821925
0.07990149718892703
0.079524958347712
0.07915160734921997
0.07878140274785818
0.07841430384024849
0.07805027064817588
0.07768926390201673
0.07733124502462954
0.07697617611569402
0.07662401993648311
0.07627473989505414
0.07592830003184504
0.07558466500566315
0.07524380008005312
0.07490567111003286
0.07457024452918459
0.07423748733709074
0.0739073670871032
0.07357985187443575
0.07325491032456953
0.07293251158196151
0.07261262529904734
0.07229522162552844
0.07198027119793578
0.07166774512946086
0.0713576150000468
0.07104985284673057
0.07074443115422994
0.07044132284576711
0.07014050127412201
0.0698419402129089
0.06954561384806934
0.06925149676957515
0.06895956396333545
0.06866979080330181
0.06838215304376553
0.06809662681184184
0.06781318860013545
0.06753181525958242
0.06725248399246318
0.06697517234558199
0.06669985820360805
0.06642651978257393
0.06615513562352668
0.06588568458632749
0.06561814584359577
0.0653524988747939
0.06508872346044821
0.06482679967650322
0.06456670788880498
0.06430842874771006
0.0640519431828173
0.0637972323978182
0.06354427786546354
0.06329306132264276
0.06304356476557314
0.06279577044509603
0.06254966086207701
0.06230521876290771
0.0620624271351063
0.06182126920301408
0.06158172842358598
0.061343788482272274
0.06110743328898922
0.06087264697417651
0.06063941388493912
0.06040771858127161
0.06017754583236252
0.059948880612977255
0.059721708099917226
0.05949601366855319
0.05927178288943136
0.0590490015249502
0.058827655526106276
0.05860773102930738
0.05838921435325138
0.05817209199586903
0.057956350631329506
0.05774197710710683
0.05752895844110582
0.057317281818846245
0.05710693459070367
0.05689790426920559
0.056690178526381876
0.05648374519116775
0.05627859224685842
0.056074707828614116
0.055872080221014156
0.05567069785565908
0.055470549308819915
0.055271623299132745
0.05507390868533863
0.054877394464066864
0.05468206976766116
0.05448792386204754
0.054294946144643114
0.05410312614230464
0.053912453509316144
0.05372291802541477
0.05353450959385366
0.053347218239501545
0.053161034106977756
0.052975947458822205
0.05279194867369933
0.052609028244635495
0.0524271767772889
0.05224638498825137
0.05206664370338141
0.051887943856167615
0.05171027648612212
0.05153363273720323
0.05135800385626636
0.05118338119154352
0.05100975619114942
0.05083712040161515
0.05066546546644748
0.050494783124714115
0.050325065209654116
0.05015630364731268
0.049988490455200395
0.049821617740975745
0.04965567770115076
0.04949066261981955
0.04932656486740873
0.04916337689944957
0.04900109125537158
0.04883970055731665
0.048679197508973926
0.04851957489443427
0.04836082557706466
0.04820294249840155
0.04804591867706307
0.0478897472076798
0.04773442125984331
0.047579934077072686
0.0474262789757982
0.04727344934436204
0.04712143864203586
0.046970240398054204
0.04681984821066462
0.04667025574619288
0.04652145673812387
0.04637344498619764
0.04622621435552002
0.04607975877568798
0.04593407223992911
0.04578914880425512
0.04564498258662896
0.045501567766145466
0.04535889858222519
0.04521696933382102
0.04507577437863768
0.04493530813236353
0.044795565067914676
0.044656539714690996
0.04451822665784392
0.04438062053755587
0.044243716048330835
0.0441075079382962
0.04397199100851556
0.0438371601123119
0.043703010154601776
0.04356953609123933
0.04343673292837088
0.043304595721799115
0.04317311957635717
0.04304229964529241
0.04291213112965948
0.0427826092777226
0.04265372938436703
0.04252548679051946
0.04239787688257701
0.04227089509184505
0.0421445368939832
0.042018797808459976
0.04189367339801519
0.041769159268130754
0.04164525106650904
0.04152194448255913
0.04139923524689064
0.041277119130815006
0.04115559194585405
0.04103464954325584
0.04091428781351759
0.04079450268591543
0.04067529012804127
0.040556646145346036
0.04043856678068984
0.04032104811389847
0.040204086261326245
0.04008767737542526
0.03997181764432074
0.03985650329139243
0.03974173057486203
0.0396274957873864
0.03951379525565657
0.039400625340002514
0.03928798243400332
0.039175862964102956
0.03906426338923145
0.038953180200431224
0.03884260992048889
0.038732549103571906
0.038622994334870514
0.03851394223024438
0.038405389435874446
0.03829733262791925
0.03818976851217618
0.03808269382374736
0.03797610532671002
0.03786999981379139
0.037764374106048056
0.03765922505254974
0.03755454953006714
0.037450344442764225
0.03734660672189455
0.037243333325501705
0.037140521238123766
0.03703816747050172
0.036936269059291656
0.0368348230667811
0.03673382658060872
0.0366332767134881
0.036533170602934935
0.03643350541099787
0.036334278323993045
0.03623548655224186
0.03613712732981239
0.036039197914264104
0.03594169558639584
0.035844617649997225
0.03574796143160314
0.0356517242802515
0.0355559035672441
0.03546049668591056
0.03536550105137525
0.03527091410032735
0.03517673329079365
0.03508295610191445
0.034989580033722115
0.034896602606922726
0.034804021362680106
0.034711833862402966
0.03462003768753453
0.03452863043934479
0.03443760973872552
0.034346973225987676
0.03425671856066155
0.034166843421299165
0.03407734550527933
0.03398822252861507
0.033899472225763345
0.033811092349437265
0.03372308067042054
0.03363543497738422
0.03354815307670573
0.03346123279228999
0.03337467196539302
0.033288468454447336
0.03320262013488969
0.033117124898990886
0.0330319806556876
0.0329471853304163
0.032862736864949074
0.03277863321723157
0.03269487236122276
0.0326114522867367
0.03252837099928622
0.03244562651992827
0.03236321688511147
0.03228114014652512
0.0321993943709502
0.032117977640112066
0.03203688805053498
0.03195612371339818
0.03187568275439383
0.03179556331358647
0.031715763545274306
0.031636281617851966
0.03155711571367485
0.03147826402892521
0.03139972477347962
0.03132149617077812
0.031243576457694766
0.031165963884409762
0.03108865671428294
0.03101165322372891
0.030934951702093396
0.03085855045153117
0.03078244778688532
0.030706642035567822
0.03063113153744168
0.030555914644704096
0.030480989721771292
0.0304063551451644
0.030332009303396714
0.030257950596862305
0.030184177437725668
0.030110688249812903
0.03003748146850382
0.02996455554062545
0.02989190892434673
0.029819540089074198
0.02974744751534906
0.029675629694745256
0.029604085129768712
0.029532812333757708
0.029461809830784273
0.029391076155556823
0.02932060985332365
0.02925040947977769
0.02918047360096217
0.029110800793177356
0.02904138964288833
0.0289722387466337
0.028903346710935415
0.028834712152209428
0.028766333696677433
0.028698209980279485
0.02863033964858758
0.028562721356720215
0.028495353769257742
0.02842823556015881
0.028361365412677513
0.028294742019281546
0.02822836408157117
0.028162230310199102
0.028096339424791183
0.02803069015386792
0.02796528123476689
0.027900111413565885
0.02783517944500692
0.027770484092421076
0.027706024127654036
0.02764179833099245
0.02757780549109111
0.027514044404900805
0.027450513877597026
0.027387212722509286
0.02732413976105127
0.027261293822651717
0.027198673744685896
0.02713627837240797
0.027074106558883926
0.027012157164925162
0.026950429059022934
0.02688892111728327
0.026827632223362728
0.026766561268404633
0.026705707150976123
0.02664506877700576
0.02658464505972173
0.026524434919590823
0.0264644372842578
0.026404651088485626
0.026345075274096078
0.026285708789911127
0.02622655059169481
0.026167599642095696
0.026108854910589955
0.026050315373424997
0.025991980013563617
0.025933847820628814
0.025875917790848985
0.025818188927003848
0.02576066023837076
0.025703330740671635
0.025646199456020383
0.025589265412870817
0.025532527645965187
0.025475985196283014
0.025419637110990687
0.025363482443391348
0.02530752025287531
0.025251749604871084
0.0251961695707967
0.025140779228011598
0.025085577659769008
0.025030563955168745
0.024975737209110446
0.024921096522247315
0.02486664100094026
0.02481236975721253
0.0247582819087047
0.024704376578630182
0.024650652895731113
0.024597109994234652
0.024543747013809708
0.024490563099524153
0.024437557401802267
0.024384729076382766
0.024332077284277154
0.024279601191728402
0.024227299970170195
0.024175172796186355
0.024123218851470805
0.0240714373227878
0.024019827401932616
0.02396838828569257
0.02391711917580839
0.02386601927893595
0.023815087806608397
0.023764323975198613
0.02371372700588196
0.0236632961245995
0.02361303056202146
0.023562929553511025
0.023512992339088525
0.023463218163395975
0.02341360627566179
0.023364155929666012
0.023314866383705706
0.02326573690056081
0.02321676674746016
0.023167955196047918
0.023119301522350276
0.02307080500674244
0.023022464933915958
0.022974280592846376
0.022926251276760987
0.022878376283107196
0.02283065491352085
0.0227830864737951
0.02273567027384938
0.022688405627698714
0.022641291853423392
0.02259432827313873
0.022547514212965258
0.022500849002999146
0.022454331977282808
0.022407962473775876
0.022361739834326315
0.022315663404641993
0.02226973253426222
0.02222394657652981
0.022178304888563184
0.022132806831228882
0.022087451769114166
0.022042239070500014
0.02199716810733421
0.021952238255204776
0.02190744889331356
0.021862799404450156
0.021818289174965894
0.021773917594748227
0.0217296840571952
0.02168558795919028
0.021641628701077227
0.02159780568663537
0.02155411832305496
0.021510566020912798
0.02146714819414806
0.021423864260038332
0.021380713639175836
0.021337695755443895
0.02129481003599353
0.021252055911220386
0.021209432814741667
0.021166940183373482
0.02112457745710819
0.02108234407909207
0.021040239495603092
0.02099826315602898
0.020956414512845346
0.020914693021594093
0.02087309814086192
0.020831629332259124
0.02079028606039847
0.020749067792874283
0.020707974000241745
0.02066700415599627
0.02062615773655321
0.020585434221227522
0.02054483309221385
0.020504353834566506
0.02046399593617987
0.020423758887768755
0.020383642182849063
0.02034364531771851
0.02030376779143763
0.020264009105810755
0.020224368765367366
0.020184846277343394
0.020145441151662842
0.02010615290091943
0.02006698104035849
0.020027925087858917
0.01998898456391538
0.019950158991620552
0.019911447896647585
0.019872850807232664
0.01983436725415772
0.019795996770733352
0.019757738892781766
0.01971959315861991
0.01968155910904279
0.019643636287306847
0.019605824239113532
0.019568122512592927
0.019530530658287592
0.019493048229136504
0.019455674780459096
0.01941840986993946
0.019381253057610685
0.01934420390583927
0.0193072619793097
0.019270426845009157
0.019233698072212323
0.01919707523246627
0.019160557899575596
0.019124145649587514
0.019087838060777206
0.01905163471363316
0.01901553519084276
0.018979539077277875
0.01894364595998059
0.018907855428149115
0.018872167073123725
0.018836580488372827
0.018801095269479165
0.018765711014126125
0.018730427322084103
0.018695243795197037
0.018660160037369034
0.01862517565455106
0.01859029025472776
0.0185555034479044
0.01852081484609388
0.018486224063303844
0.01845173071552394
0.018417334420713107
0.018383034798786987
0.018348831471605487
0.018314724062960353
0.01828071219856285
0.01824679550603164
0.01821297361488064
0.018179246156506953
0.01814561276417901
0.018112073073024777
0.018078626720019843
0.018045273343976015
0.018012012585529508
0.017978844087129662
0.017945767493027412
0.017912782449264072
0.01787988860366012
0.017847085605803947
0.01781437310704098
0.017781750760462588
0.017749218220895223
0.017716775144889667
0.017684421190710235
0.017652156018324185
0.017619979289391147
0.01758789066725261
0.01755588981692159
0.017523976405072198
0.017492150100029438
0.01746041057175907
0.017428757491857464
0.017397190533541558
0.017365709371638935
0.01733431368257798
0.017303003144377986
0.017271777436639497
0.01724063624053464
0.01720957923879746
0.017178606115714493
0.01714771655711527
0.017116910250362945
0.01708618688434498
0.01705554614946387
0.017024987737628033
0.01699451134224265
0.01696411665820063
0.016933803381873627
0.016903571211103124
0.016873419845191598
0.01684334898489375
0.016813358332407748
0.01678344759136657
0.016753616466829414
0.016723864665273196
0.016694191894584032
0.016664597864048846
0.016635082284347017
0.0166056448675421
0.016576285327073528
0.016547003377748556
0.016517798735734016
0.016488671118548383
0.016459620245053652
0.016430645835447476
0.016401747611255294
0.01637292529532238
0.01634417861180626
0.016315507286168766
0.01628691104516858
0.016258389616853455
0.01622994273055279
0.016201570116870016
0.016173271507675217
0.01614504663609769
0.016116895236518613
0.01608881704456375
0.0160608117970962
0.016032879232209196
0.016005019089218968
0.015977231108657657
0.015949515032266257
0.01592187060298761
0.015894297564959487
0.015866795663507648
0.01583936464513903
0.0158120042575349
0.015784714249544175
0.015757494371176607
0.015730344373596196
0.01570326400911453
0.01567625303118426
0.01564931119439249
0.015622438254454392
0.01559563396820669
0.015568898093601322
0.015542230389699041
0.015515630616663147
0.015489098535753181
0.015462633909318759
0.015436236500793335
0.015409906074688123
0.015383642396585948
0.015357445233135227
0.015331314352043901
0.015305249522073584
0.015279250513033495
0.01525331709577464
0.015227449042183929
0.015201646125178417
0.015175908118699446
0.015150234797706993
0.015124625938173927
0.015099081317080354
0.015073600712408012
0.015048183903134676
0.015022830669228625
0.014997540791643131
0.014972314052310969
0.014947150234139025
0.014922049121002855
0.014897010497741324
0.014872034150151325
0.014847119864982428
0.014822267429931662
0.014797476633638293
0.014772747265678591
0.014748079116560748
0.014723471977719707
0.014698925641512105
0.014674439901211181
0.014650014551001811
0.014625649385975496
0.014601344202125376
0.014577098796341366
0.014552912966405268
0.014528786510985851
0.014504719229634096
0.014480710922778332
0.01445676139171957
0.014432870438626663
0.014409037866531707
0.014385263479325278
0.014361547081751885
0.014337888479405283
0.014314287478723927
0.014290743886986444
0.014267257512307046
0.01424382816363112
0.014220455650730705
0.0141971397842001
0.014173880375451399
0.014150677236710206
0.014127530181011178
0.01410443902219382
0.014081403574898075
0.014058423654560146
0.014035499077408245
0.014012629660458294
0.013989815221509884
0.013967055579142008
0.013944350552708946
0.013921699962336224
0.013899103628916443
0.013876561374105284
0.013854073020317485
0.013831638390722786
0.013809257309242037
0.013786929600543125
0.013764655090037183
0.013742433603874586
0.01372026496894112
0.013698149012854115
0.013676085563958624
0.013654074451323599
0.013632115504738147
0.01361020855470773
0.013588353432450458
0.013566549969893373
0.013544797999668744
0.013523097355110435
0.013501447870250238
0.01347984937981426
0.013458301719219332
0.013436804724569405
0.013415358232652075
0.013393962080934936
0.013372616107562203
0.013351320151351103
0.013330074051788501
0.013308877649027396
0.013287730783883534
0.01326663329783201
0.013245585033003843
0.01322458583218267
0.013203635538801361
0.013182733996938761
0.013161881051316321
0.013141076547294841
0.013120320330871257
0.013099612248675334
0.01307895214796652
0.01305833987663068
0.013037775283176928
0.013017258216734547
0.012996788527049705
0.012976366064482476
0.012955990680003648
0.01293566222519166
0.012915380552229539
0.012895145513901885
0.01287495696359177
0.012854814755277801
0.012834718743531077
0.012814668783512248
0.01279466473096852
0.012774706442230792
0.01275479377421063
0.01273492658439743
0.01271510473085554
0.01269532807222137
0.012675596467700502
0.012655909777064938
0.012636267860650209
0.012616670579352614
0.012597117794626429
0.01257760936848113
0.012558145163478647
0.012538725042730616
0.012519348869895695
0.01250001650917683
0.012480727825318552
0.01246148268360438
0.01244228094985406
0.012423122490421035
0.012404007172189717
0.012384934862572992
0.012365905429509504
0.012346918741461167
0.012327974667410565
0.012309073076858426
0.012290213839821054
0.01227139682682785
0.01225262190891877
0.012233888957641879
0.01221519784505085
0.012196548443702495
0.012177940626654348
0.012159374267462211
0.012140849240177748
0.012122365419346083
0.012103922680003407
0.012085520897674586
0.01206715994837083
0.012048839708587344
0.012030560055300952
0.012012320865967825
0.011994122018521146
0.011975963391368817
0.011957844863391211
0.011939766313938845
0.01192172762283016
0.011903728670349313
0.011885769337243866
0.011867849504722635
0.011849969054453463
0.011832127868561047
0.011814325829624718
0.011796562820676326
0.01177883872519805
0.011761153427120266
0.011743506810819416
0.011725898761115927
0.01170832916327203
0.011690797902989724
0.011673304866408708
0.011655849940104239
0.01163843301108516
0.01162105396679179
0.011603712695093908
0.011586409084288759
0.011569143023098999
0.01155191440067071
0.011534723106571424
0.011517569030788119
0.011500452063725282
0.011483372096202949
0.011466329019454708
0.011449322725125843
0.011432353105271364
0.011415420052354101
0.011398523459242792
0.011381663219210235
0.011364839225931359
0.01134805137348136
